25.2629 18.786 4.16282
23.4499 24.9129 7.77517
26.4764 28.537 1.44127
21.7779 15.9675 1.623
33.1472 15.8962 0.271399
37.4253 26.5703 9.43441
38.152 23.457 2.53875
30.847 5.95103 4.0819
38.8689 15.1069 8.60319
28.0205 7.72279 4.44304
30.7769 14.3014 9.95744
39.1025 18.6137 7.92262
34.6528 26.7092 7.33741
37.5354 28.9316 1.72442
20.7814 20.3655 6.08292
21.3242 17.1472 4.71103
20.193 14.8372 2.09381
25.2705 28.396 2.47423
33.4343 26.9821 6.51698
30.6407 12.0077 7.6061
39.5268 25.4788 1.32666
39.4417 24.357 6.77214
35.2869 17.673 5.45582
29.9617 14.5922 5.02844
33.4106 15.569 1.17466
25.5764 17.2242 6.03354
34.9985 17.4655 9.96841
39.1861 24.0536 9.3268
24.1345 15.8465 8.11964
37.1685 29.1474 0.922737
32.3807 28.5558 9.11426
35.034 27.8579 6.85704
28.5783 21.9665 1.92625
39.49 9.41865 5.76314
29.5468 26.1818 9.99074
31.8961 8.15234 4.88043
23.9632 26.9004 9.86663
23.9 25.883 7.48809
22.5536 6.0512 1.8267
38.7929 27.5118 1.48566
20.6384 17.9877 0.907998
38.8669 11.7803 0.0511617
32.581 22.5031 6.83777
36.4335 21.8656 8.60523
27.9598 8.79912 7.07797
27.9413 23.6693 8.33891
37.7021 28.6233 7.09908
37.4354 8.49837 5.45229
32.4116 11.6904 5.87277
36.065 10.1816 4.8775
39.0363 10.9796 0.0725889
20.8523 9.5632 2.78469
20.9546 25.2895 9.78595
34.6301 20.8313 6.53218
31.8406 5.78104 8.05183
25.9965 15.7076 5.51955
22.6744 12.8353 4.96888
36.8725 9.62951 6.36823
27.7771 25.144 9.0444
39.5226 20.2252 1.11702
29.2776 19.0205 3.50885
29.4228 20.0858 5.33413
34.9922 21.2791 3.44991
34.5641 14.5668 9.78243
27.6284 29.3675 0.09485
23.7321 11.8632 4.3779
34.7712 15.2061 7.512
24.7089 11.2968 9.36381
37.4454 21.0181 7.42139
35.5342 20.4214 3.51145
37.7682 7.01839 9.11965
24.7859 18.7969 5.15399
35.4542 12.5371 1.66562
22.354 5.74219 5.49232
21.9188 15.2777 5.23932
22.1085 19.9428 7.98459
30.8643 13.4068 2.06704
25.8883 19.293 4.58574
24.616 16.0997 0.992981
39.4587 10.5174 7.16153
26.4816 7.72771 7.96889
24.7209 13.7101 3.48764
35.0289 8.02781 6.50248
38.3602 10.9703 6.79936
29.3448 13.3688 0.91045
39.8234 16.0045 6.88759
35.7926 29.5849 0.250313
39.9267 11.9454 5.96751
29.0982 17.7153 0.407392
31.0841 17.0387 2.61436
25.4072 25.1408 3.70545
21.345 6.04197 7.18949
28.3203 24.8281 8.40061
21.3252 22.7783 0.788725
34.9239 9.45933 4.13626
36.7448 9.23864 8.53806
30.52 28.9794 8.37203
31.0206 28.8878 1.15018
22.9556 15.2605 6.2363
23.7704 29.1157 1.05179
28.9992 10.8747 9.10811
36.4101 12.5559 9.5249
30.789 22.9562 7.45615
27.5903 24.6128 4.56748
29.1677 18.2677 6.35121
37.4402 14.1987 8.04667
34.5164 27.3487 7.63843
31.2604 16.1245 7.19355
33.5608 19.8191 1.29776
26.0334 24.5321 0.94403
28.137 10.7811 3.2939
26.3532 6.29363 6.31627
25.403 19.7799 3.49876
20.3152 29.2678 1.34386
29.4502 15.7274 6.65093
22.1526 12.5277 0.330416
38.246 5.67314 9.26991
33.5228 19.7487 3.71971
27.9099 11.6996 9.64734
30.5054 19.2413 7.46019
32.3935 29.4125 9.77261
38.9813 12.354 0.290062
31.6138 19.1077 6.20203
38.6114 19.5017 5.90914
21.2991 6.31449 0.200105
34.6009 9.00527 3.21118
35.2618 6.81271 3.48044
33.8016 23.7162 9.3799
21.241 8.60363 2.05975
20.5357 21.7354 7.75628
35.456 12.2273 7.52129
35.0013 10.9539 0.462877
35.5814 25.4712 6.10595
27.9855 23.7354 1.90664
39.8037 25.3592 2.43244
20.204 18.6104 4.03455
26.6263 12.6876 4.75963
33.5872 29.9395 2.24612
32.347 6.49078 3.68757
36.4665 7.16038 0.381743
31.979 26.4804 3.27266
27.0216 20.232 5.65422
27.9474 14.7088 3.84269
20.1593 24.6906 1.33685
23.9726 24.4453 9.48053
28.8374 24.7002 4.92469
36.9065 7.98309 7.99971
26.4258 24.9671 7.97553
30.918 15.4008 8.57184
38.2932 10.9839 9.43599
39.0567 25.9577 8.02817
25.602 9.73477 4.12097
36.9104 19.669 8.00447
24.5958 19.8681 5.8807
27.2695 24.8338 3.65881
26.2306 10.8806 1.53888
36.0799 7.01371 2.73212
32.0794 15.0459 0.718951
28.0304 28.6935 4.87928
25.1741 26.5599 7.27286
24.0461 25.3808 5.65596
20.1024 7.38322 7.54986
28.3444 28.5212 3.41746
24.3533 9.26597 9.36469
36.1147 18.3528 7.2982
23.4323 26.141 9.65042
26.5101 21.2409 0.455901
31.9743 11.3401 4.47428
33.4122 21.3782 3.95166
23.1708 27.8458 2.57564
37.7165 7.90339 0.72794
29.0284 8.03142 1.68123
24.1282 18.4619 1.08972
30.9631 23.9035 2.79611
29.6925 19.0469 8.13724
24.2888 23.3373 6.59365
23.5897 6.47496 3.09003
24.5015 21.4429 5.62608
33.45 13.2082 2.17735
21.3534 17.1717 1.31566
26.5046 14.3173 2.47702
27.9605 25.6029 3.68958
31.323 5.76305 9.07433
33.5024 19.4669 6.63574
39.0946 6.58246 2.2545
35.3691 11.9435 9.58944
28.5564 16.4306 0.179423
34.7365 22.0575 6.75658
25.9886 13.87 0.0398524
30.3433 15.5617 4.90853
32.9746 23.6925 8.63546
37.9287 8.64313 6.8766
25.3078 22.7968 7.18183
23.4565 14.6748 2.96858
36.728 13.5431 3.60157
21.237 7.75448 6.37897
20.4159 18.45 0.951219
20.7747 11.8705 7.77421
34.2878 19.3563 1.32221
34.3676 7.28544 5.54689
24.1846 23.5037 3.02389
21.4555 20.9145 4.48114
35.2087 27.5493 1.59987
29.5724 6.86995 5.46981
35.5096 27.7799 8.88705
22.7127 29.3261 9.98884
35.4706 29.8459 5.36884
37.3731 5.81431 8.11705
32.9215 23.6741 3.85958
35.5659 16.6336 4.77375
26.6597 21.8643 2.17524
32.7075 23.6838 8.54106
21.6697 17.6947 7.56079
24.8695 29.6602 8.30877
35.8091 24.0471 7.42074
33.5832 27.438 7.15119
33.5609 21.7763 7.08956
24.2986 18.4926 7.41529
20.5327 9.64451 4.88494
28.2518 29.1019 9.53837
37.7993 12.4265 6.2841
22.1498 28.3108 3.7576
39.2319 5.39803 8.83548
34.3535 11.4849 8.69955
30.9711 6.24626 6.3184
25.8125 23.2253 5.29359
20.1149 15.1764 2.00411
34.2941 20.5496 7.40117
29.1246 21.2155 9.25898
38.8945 6.53023 8.89974
37.9713 28.7794 1.87034
30.5395 6.46667 1.19468
38.0547 5.50659 1.35389
35.7256 23.4485 3.94785
33.1247 12.1623 4.44635
25.7615 19.428 1.73646
36.3487 19.5717 5.80702
20.3569 12.4393 2.02687
35.1593 23.8451 8.51305
33.6772 22.4632 9.12514
31.4767 19.9273 8.6369
35.2174 8.10159 9.22357
37.6067 5.66993 9.4262
20.3145 25.327 6.8056
28.2102 16.7329 9.67054
37.1029 23.9347 5.44175
20.5758 19.3706 1.27043
32.1899 19.8168 4.24613
36.2436 13.7658 1.78415
33.2697 5.86235 8.76943
31.52 20.2082 4.74034
28.7938 14.2299 5.98098
27.2409 11.2383 6.24895
26.0933 11.6315 4.37973
39.7045 21.8942 9.07288
39.0456 18.2729 6.64677
29.9291 18.9926 2.39502
32.47 9.22999 8.32172
20.9623 29.5345 1.82805
24.5306 21.1216 2.17299
22.0694 10.5216 8.25627
31.5501 21.5138 1.94823
23.5121 5.565 4.44356
36.01 13.1817 7.09615
24.7694 12.8123 3.85384
22.9152 11.6194 9.16298
36.2087 24.0308 4.76004
20.9988 14.6183 6.45204
37.6422 15.8211 6.26584
21.2983 21.4843 2.71449
25.6443 24.0711 4.92314
22.1568 13.5087 1.52868
26.0533 17.8988 1.75468
34.9404 12.9112 5.02735
29.1327 18.873 8.15228
36.8404 22.517 0.800029
35.1663 17.7779 8.41234
24.6864 19.0264 2.25964
37.5905 16.0792 6.58807
30.1222 17.702 3.18178
35.5512 24.7574 0.810207
25.3974 27.4534 4.21369
28.4548 10.02 9.3732
31.9642 28.6955 2.5377
22.0189 15.1114 8.08691
38.3234 11.1619 5.09372
39.9235 5.1198 0.204897
36.7482 10.9778 5.81546
21.2674 7.96596 0.247116
34.4436 20.6187 5.32793
20.8072 15.0576 3.23088
22.4276 21.8045 2.21224
30.8549 7.37296 4.22024
29.6013 22.3282 3.69844
34.6767 24.8517 7.743
30.8506 22.756 0.207748
21.038 22.6604 0.255667
21.4478 18.5956 2.6468
33.0787 20.1799 3.83318
33.5729 13.2344 0.0806538
24.2288 14.2433 4.10371
30.6905 17.2778 0.825493
35.115 5.84647 1.77468
23.5555 17.8481 8.70595
30.9524 11.1941 6.64665
26.4384 24.7572 3.74906
26.8539 26.0547 0.813207
27.3652 27.8645 6.25144
32.6588 19.2128 2.32339
20.3252 11.179 5.61714
20.4865 16.465 9.31447
28.6939 29.8282 4.22559
30.3449 23.7219 4.56418
33.8943 28.1663 9.70343
31.3061 16.8568 2.18105
24.5994 24.9048 0.083951
32.0975 8.47214 8.50584
33.724 17.6787 7.65163
26.2268 8.50219 3.33676
30.8736 8.90866 5.80836
22.1079 9.51677 0.394352
20.7369 20.3842 0.325616
29.188 8.31528 7.81439
38.3164 25.6831 7.08091
37.7233 14.8158 1.82363
22.0854 20.5651 9.78555
22.2533 10.687 1.17441
39.2649 27.8419 6.24587
34.5682 10.6255 7.64675
21.2417 24.2175 9.21021
32.8584 26.8524 1.01692
33.6472 27.7735 7.17059
34.2984 14.2585 8.4967
29.9272 12.154 6.76994
24.089 9.30806 0.696247
27.7363 11.9148 6.92227
27.3074 14.7313 9.19707
29.6562 13.8125 8.33385
22.1479 7.02277 0.584051
37.4414 8.57492 8.27106
35.8618 24.648 7.01202
37.8957 16.7069 6.12141
32.2369 9.57991 9.82482
29.2303 21.9889 2.68642
22.7701 27.1001 4.40965
24.1626 11.7704 7.17555
38.0072 20.9046 1.06808
36.4013 7.97486 4.59309
33.069 10.6598 5.40219
34.2371 7.46152 6.83216
30.7793 27.2888 4.69136
24.8033 24.6584 9.37413
37.0461 14.9545 1.20609
36.6958 26.4924 8.00164
22.0686 29.955 6.84169
30.8879 10.1583 9.54986
25.239 7.66731 5.91172
27.3752 28.169 7.10167
36.5613 19.5053 9.36557
27.3657 12.3017 0.350175
21.03 25.7757 9.2657
30.4128 6.77987 7.12908
29.161 28.0875 1.11089
31.5732 23.9572 9.70784
27.5765 26.543 9.68985
21.2599 15.1529 1.75318
20.3596 21.7016 2.82011
32.183 5.92058 2.08769
26.3864 26.6223 7.8898
25.1175 10.8294 0.810468
25.8178 12.117 9.12077
24.3492 25.1329 9.83272
38.6074 11.5842 9.06773
20.8292 26.0507 6.65062
20.2449 10.5213 5.26782
39.6246 12.0961 9.32897
23.1309 12.5456 6.00962
28.7711 27.7743 6.37786
32.9465 10.7573 5.02676
28.7261 17.1541 7.35852
30.3471 24.4264 0.2053
28.5886 29.863 8.25846
28.254 28.1223 0.892135
26.3895 29.1587 9.31241
39.6907 29.4648 1.52092
30.2264 28.9955 4.35936
28.8843 7.90921 7.37758
20.9035 18.8731 6.48732
33.6593 10.0563 8.79024
23.7128 20.964 3.65189
38.4298 8.89778 1.42247
38.8404 19.6335 1.36767
35.3573 29.9511 0.616571
37.1416 12.9379 0.28007
35.7664 12.5513 0.0660018
38.8083 25.3342 9.66422
27.527 11.4396 0.827902
22.2821 12.5691 6.37716
35.2568 29.6431 8.39968
32.8372 9.2841 4.78526
20.141 7.32136 6.34438
22.986 5.87187 2.19778
25.7213 25.0685 2.17821
26.9544 21.4955 5.35337
27.5146 16.2035 8.37389
27.6466 14.7139 6.50759
26.975 24.1226 9.08344
28.6308 26.9752 2.11106
21.3851 21.0462 1.96832
38.1845 12.0927 3.68196
27.755 12.269 4.6105
20.4438 16.0015 4.95925
24.8394 23.1531 2.98666
29.1958 6.84616 9.58488
39.9025 16.2394 4.06629
36.6503 25.7976 7.95184
29.6655 9.51642 5.60086
27.8323 20.305 4.39095
32.0545 22.0364 0.809416
35.9911 19.767 3.6465
23.355 29.4608 6.55411
32.576 5.01555 0.954696
22.4945 11.0647 8.21594
28.4678 22.5595 8.9544
27.6376 22.4376 3.45016
35.7702 18.2504 1.76922
31.6739 5.33224 3.57579
22.8756 15.1227 9.69777
31.6575 5.19072 6.51233
33.2763 25.1796 2.41914
20.5693 29.3734 2.20347
33.6775 20.0934 2.20969
35.5869 23.2115 4.63559
32.0188 8.79636 1.65937
29.9276 18.3434 8.6344
36.8279 13.0561 3.93457
20.3664 27.6484 4.06747
27.5179 6.2429 8.11653
26.9135 20.8147 8.19282
39.9381 12.4101 6.26466
24.7764 13.1218 6.014
29.1834 5.21869 2.05135
33.6028 24.7023 9.33597
22.8739 14.7258 0.854515
26.1927 27.1353 6.19186
23.4615 23.1703 9.41429
31.3307 23.6282 8.47366
39.4656 8.02562 8.97082
35.6987 16.6675 5.29672
32.0843 16.5901 8.26077
24.6136 22.5607 1.50948
36.6416 9.03987 1.59696
20.7443 26.0433 9.4779
39.4162 29.6357 3.36823
21.1253 12.3766 2.22237
33.509 16.7035 9.49047
32.3376 5.8668 6.94175
29.2849 5.19879 8.152
27.2265 24.8221 2.81898
37.82 14.9275 7.45503
34.3415 20.6945 4.4793
37.3605 16.4964 6.09524
20.5544 17.4268 4.51257
39.5102 16.6971 4.36687
26.2467 18.1037 7.31751
30.6914 9.98996 1.99891
29.6724 25.4119 2.34563
23.5559 12.0181 2.42514
39.8599 21.0513 0.353984
25.4978 18.3262 4.32497
20.4079 11.2531 0.602749
29.3665 7.95376 5.20133
21.557 8.64677 0.172057
30.5821 8.03452 4.85091
39.3158 15.8429 0.0923988
33.9509 29.2071 2.08838
37.9487 16.2976 0.253159
22.64 20.7424 3.06038
27.4902 20.5672 9.48088
28.1982 27.4395 4.81138
36.8482 27.9494 7.31264
38.0536 14.6575 8.49414
28.4563 16.6037 9.95285
28.8004 29.8313 1.16666
38.5022 28.9761 5.5038
38.687 21.4147 5.18665
22.8638 18.8506 9.70568
23.3701 22.1506 6.00264
29.4909 6.51336 2.22952
28.4527 16.7611 1.20532
38.0754 12.8213 0.385058
32.7007 10.3884 4.24804
29.689 20.9588 8.88951
29.5947 6.95929 8.82203
31.928 5.08709 8.41248
22.9356 28.4459 4.97837
33.3089 7.02563 0.518612
32.7203 11.2383 7.37883
24.7255 23.1019 7.98418
29.1846 8.66772 2.68863
31.5952 6.26198 5.81716
32.3653 22.1378 7.97252
20.8614 9.24905 4.35603
38.6404 21.2424 5.13974
36.2845 11.1524 5.17458
33.1095 14.8219 4.55293
23.0662 6.45799 5.36318
24.1034 22.3583 7.85849
38.8611 28.2652 5.09925
34.8294 14.7459 6.56634
20.2067 29.24 7.07113
31.841 19.6966 3.92627
27.7861 20.7734 5.62589
36.4981 19.0739 2.12284
26.7776 14.4295 4.58379
37.1268 5.81631 8.51254
26.2326 9.64906 9.09573
36.959 14.7783 6.03906
32.676 13.3547 5.34515
22.8745 6.89149 9.24353
36.0071 7.14987 8.93951
30.1494 21.9512 4.81815
38.0019 6.68373 1.1275
29.2537 27.3064 6.75705
33.4994 10.7784 0.528855
22.667 7.18681 0.855381
39.6921 14.9776 2.715
37.8835 11.1763 6.62634
29.9617 27.0212 9.96821
20.652 5.61433 0.724806
39.139 25.6233 1.58475
37.018 13.31 8.36521
26.6543 10.8124 9.0387
28.9093 22.3796 7.96125
22.4234 14.2538 0.272595
23.4812 17.5876 1.14732
25.1919 17.2027 5.13835
30.6219 14.5571 7.60886
23.8746 27.0092 6.41736
23.811 27.8241 6.66309
25.2606 26.7479 4.91239
28.4301 23.0204 8.23639
25.1606 6.33835 0.561363
23.238 17.475 7.51319
39.1605 20.5043 1.21473
39.7057 24.8558 6.24975
22.0003 6.34568 1.13082
32.277 19.6231 4.95365
27.4947 24.4663 3.75731
20.3294 29.2301 2.88695
33.6556 10.8059 1.5861
23.4804 21.3436 8.79427
39.9532 27.7943 9.32961
21.0759 6.84178 4.31962
36.1023 5.79237 0.521354
38.5317 5.42445 8.46367
31.0313 7.92482 9.00194
33.2929 23.2711 4.85117
23.2002 7.63945 2.63771
30.7148 8.05124 2.32976
36.4887 25.1208 4.65213
39.6609 29.4713 1.18957
37.2495 29.4127 0.307298
35.9087 5.75762 1.04401
24.5479 25.8855 1.36096
25.5906 24.0502 1.53074
22.518 12.8392 2.70067
20.5218 29.4553 0.00908939
30.2242 8.45557 1.06487
35.4996 21.8491 2.28536
20.1591 17.46 0.333668
29.4634 17.0361 0.12217
31.8426 13.5979 9.88726
32.4571 8.48381 0.190309
34.5452 14.1687 8.5445
37.2671 21.157 6.16457
20.3286 24.3045 9.30026
25.7299 24.9568 9.0824
25.7481 12.737 0.464624
27.8778 7.11155 7.20426
32.4485 7.31048 2.18825
33.1159 19.1397 7.00269
33.3602 8.94293 0.441873
33.1347 24.5144 1.8354
33.5154 17.6958 5.50288
30.6044 14.2797 1.96569
22.9335 14.6904 9.68748
21.534 21.8528 7.67019
39.6988 29.0378 0.765
20.6281 13.8851 1.60962
35.0366 29.4458 2.53381
39.4131 20.8406 8.1897
33.4185 12.5409 9.76688
34.3022 28.9593 7.57262
37.973 20.8535 2.65095
28.9788 9.10899 6.36282
32.9101 12.7759 0.238974
32.2851 14.6934 6.98007
27.6255 14.3169 6.59521
29.1555 15.102 0.149252
32.3747 8.89774 9.92756
37.4423 8.16408 6.26381
33.8217 24.9372 9.28018
33.3555 17.8149 8.86391
28.5007 15.2812 5.20532
33.8026 26.5046 6.84892
26.5283 17.6423 9.95927
27.0062 7.99864 3.83663
20.9664 17.5305 7.5634
34.1568 28.9748 1.60421
34.4553 19.4432 3.16331
34.3104 16.2461 4.42894
26.8381 8.52327 2.4038
25.3984 25.2176 7.52977
23.1262 10.8435 1.64223
33.5369 28.0968 0.244077
27.2347 11.2572 5.30099
27.1532 20.0149 6.50044
34.8265 21.2229 1.51263
29.9533 13.9189 1.10255
33.1617 6.98801 6.87983
39.4883 24.876 1.37827
28.3462 8.4236 2.78757
33.1538 15.1716 0.874624
28.2133 19.0794 3.21204
31.4978 11.0005 2.45077
31.986 20.0438 4.95364
22.5879 28.9853 0.959618
35.5888 22.5184 7.44878
38.6141 9.96006 1.01634
20.8192 26.4122 1.81154
34.5788 25.7726 9.76196
37.3354 11.2053 1.1314
22.9105 27.6476 5.20004
24.6598 12.9143 0.831794
31.0839 27.2866 3.23197
35.9854 17.269 9.2495
25.8927 20.5039 8.84364
27.8119 14.99 5.85102
22.7095 13.2576 7.83504
24.7422 14.2816 6.39992
28.3652 7.50514 4.70896
27.8892 29.1744 7.1911
30.152 7.81252 6.25014
20.552 13.6372 9.41586
22.2156 27.4921 8.33048
28.6796 22.4738 3.23809
27.1786 29.8396 9.43967
24.8658 14.6045 3.43566
36.5679 17.9914 6.7387
32.238 23.9191 0.451331
25.0378 9.37563 1.45339
34.4557 19.2371 1.12313
28.8379 6.92701 2.24814
21.3382 7.61706 5.70303
20.1699 10.3866 4.69985
36.8309 21.2361 1.68937
23.307 5.20927 1.62523
22.1864 11.2916 5.46705
29.0577 7.00143 0.663606
22.5351 22.2989 8.23124
23.4378 28.5961 9.98149
26.3445 21.6658 5.67632
28.5908 7.71314 6.44713
33.0871 9.38586 7.49395
24.4931 9.59823 9.64858
33.8929 5.6368 6.143
37.2716 9.77059 6.22671
20.5221 12.5036 8.74334
31.4562 23.8257 9.54391
32.7834 26.9946 6.46346
29.2459 6.29176 5.90191
29.2088 14.2224 2.56822
20.5615 24.9609 3.65347
33.4557 16.3198 5.40781
28.4436 21.9362 7.2471
27.7408 14.3023 7.50182
20.0268 10.8918 9.41006
32.4802 11.5444 2.41149
29.9669 25.8646 9.94176
29.0547 16.8438 8.73959
21.9816 28.4011 9.2563
33.7855 14.9122 2.94527
38.9219 15.614 0.92964
26.2288 7.43367 5.45755
37.0445 17.9882 2.23204
31.5387 27.6642 5.95295
26.5423 27.6977 8.30966
25.3624 18.298 0.927406
30.1854 5.75661 9.27323
30.0689 17.075 4.01075
27.5481 19.5521 3.3712
26.0607 11.7839 7.33606
31.9512 10.4363 1.58166
33.8105 18.2223 2.55513
24.7256 14.5279 7.75041
29.1897 28.9513 6.81609
21.0956 12.1292 5.89517
37.7149 18.8322 1.21436
39.5697 6.56398 1.51701
38.1162 19.1502 6.34701
26.1377 28.5853 2.16784
32.8801 11.1612 4.8814
27.5522 26.1003 7.05592
30.7155 18.3634 2.34485
35.8258 24.2705 6.15601
31.3266 10.7576 5.73651
24.9588 12.1271 8.58818
36.7491 9.27074 4.12106
39.1778 8.73291 4.74665
22.2119 6.37816 0.406716
34.9059 14.0503 9.84084
39.2416 5.15041 2.30532
29.0044 14.5907 0.745427
23.1162 27.9851 6.0908
27.8059 22.7673 3.79898
20.1179 11.9256 6.10201
31.591 18.1241 8.95285
28.7673 14.0605 0.661148
37.0094 13.0328 2.15431
26.5027 15.7976 2.70558
27.3162 9.43 6.3257
26.9979 8.48196 6.38586
31.6085 19.7374 0.222136
33.0994 23.6327 9.41618
25.2809 8.39009 6.52312
32.8789 8.53751 9.29336
25.0829 23.0262 4.543
22.9886 8.98536 8.16721
24.3109 5.24716 1.38033
28.6196 13.3756 5.69939
34.0307 22.5208 7.47139
26.6821 6.26813 8.86418
39.4538 20.7788 4.75915
39.8981 12.153 2.21223
38.7305 18.7541 3.56826
31.7767 9.85277 4.98327
30.3634 16.2064 2.19375
39.4494 19.9422 3.7879
35.7839 25.3309 3.88676
38.5445 11.1053 7.23699
29.9433 28.6437 4.24531
24.8861 11.9964 4.75256
22.6144 11.3137 1.06406
32.1327 11.1863 3.92525
36.5572 9.59939 9.4269
23.6937 24.3203 1.36801
33.6603 12.2745 5.85058
38.0478 11.5863 1.82748
25.6236 6.31615 9.95984
33.3971 29.4968 2.40198
27.8711 16.9259 1.85948
36.3617 23.0335 4.65803
25.8668 26.3016 7.1835
27.9949 16.4675 9.65802
35.8454 12.164 1.49778
34.6992 16.7812 9.22588
37.4352 8.85649 2.1357
29.1364 6.4162 4.77024
32.7914 13.4456 5.2967
32.7111 5.19197 5.09542
37.515 15.0308 9.86579
21.234 10.4829 7.07921
30.55 17.8164 5.59985
24.917 27.8101 0.186856
24.2331 22.6169 3.05246
27.2286 15.9909 7.76493
25.6804 12.785 9.30753
29.9518 24.2055 9.87401
39.4923 15.1947 3.25226
30.0857 6.08351 3.32905
20.2765 27.9773 7.34137
20.0081 29.5197 9.53452
34.1665 17.7072 4.66108
25.3662 23.8535 3.78511
25.7399 29.1448 0.831849
31.8449 13.1806 5.2282
27.3747 20.281 8.34219
25.9898 7.72077 6.02438
25.7378 7.0861 0.102253
32.2423 19.6932 0.535657
38.9004 20.0388 9.72657
33.5831 20.0489 9.53445
32.6522 12.7571 4.61735
21.9743 19.4648 2.15875
29.5445 26.6397 1.81668
31.2082 16.4458 5.08891
21.6646 25.6642 1.20133
38.349 8.15141 2.28964
30.3978 15.3236 3.12408
30.6023 5.6265 9.00135
31.6736 29.252 5.01687
31.1267 21.2309 1.03643
30.1956 12.0461 4.13926
39.4303 14.514 9.92519
23.7478 26.4447 8.58109
27.3812 15.455 3.15942
37.559 17.5358 1.4251
39.9617 15.4721 2.68566
24.541 28.4693 6.81511
30.7891 16.7221 7.06571
28.7918 6.31412 6.76651
38.8255 20.2225 3.25887
20.8984 7.96707 6.07732
29.1769 7.25498 9.88293
29.0273 11.9398 8.4608
26.1895 21.1663 2.6428
32.5083 18.115 7.65712
35.3585 18.0671 1.84596
20.7298 23.7433 1.23367
34.3601 12.2297 5.92252
28.4915 23.2195 6.44817
22.0245 21.7514 2.53718
28.5423 22.8744 3.72401
20.6969 9.34557 4.626
20.4627 20.6297 7.40191
37.3843 28.3666 3.86842
22.6699 19.002 9.11443
37.9842 13.2002 4.34128
21.6761 14.1125 1.83861
24.1434 7.06254 4.73049
35.9885 17.6769 2.01828
28.8848 20.2075 8.71884
33.9592 5.88534 5.8686
21.4072 6.75645 7.60683
30.6592 7.33486 3.85871
25.4631 29.0653 3.20535
33.1999 7.40273 8.80615
31.4288 29.883 2.08621
20.1113 6.9781 5.73119
23.7885 12.1574 6.55621
33.2495 7.14304 1.62696
37.2861 18.2491 7.70997
34.7237 10.6981 8.06411
26.4609 12.4572 8.76669
21.6746 25.7812 9.70063
29.392 7.61006 9.32675
35.8027 24.1099 0.287842
33.415 13.3959 0.24103
37.5874 13.535 1.03227
29.0498 18.2707 3.89524
22.1622 9.83258 4.75245
25.4161 6.44015 0.0520897
20.8361 24.8448 2.33134
36.9643 7.92098 5.3142
34.4977 10.0142 3.62669
33.8989 21.7542 4.67072
32.5524 16.5076 2.31469
33.1281 8.27631 5.67305
33.6102 5.26056 9.08706
35.6747 16.5728 4.39534
23.4652 19.2755 6.32837
32.9701 26.0457 6.90443
33.0743 27.0908 4.84236
37.7369 23.2961 6.01075
28.3654 16.4182 8.01643
35.6187 8.79186 4.71812
24.9602 24.4824 9.32115
29.5896 15.8925 0.631671
20.9357 7.90526 0.735897
39.1098 27.4987 5.36501
27.9005 6.83015 1.07523
20.5572 23.0428 9.4935
34.3661 14.3856 8.32981
24.0508 11.5568 5.64826
36.0723 22.0135 0.215542
32.1052 16.5369 1.73229
21.5414 22.7371 9.52525
20.1837 9.7241 3.88227
21.447 10.8937 5.04437
22.9188 9.78091 4.04384
33.6489 19.6565 4.7759
35.7993 20.353 1.99301
34.7863 13.3106 5.74725
31.446 18.3741 8.36997
22.7425 13.4645 5.17537
23.1736 28.596 9.79014
26.6381 5.52271 6.88499
25.6886 5.75233 8.77463
33.4532 7.56114 1.1321
23.5419 11.2097 3.04446
31.6296 28.2708 8.90707
21.1814 23.0199 5.04827
25.1674 16.5028 8.37252
36.6619 5.81027 3.72217
33.4018 9.23837 7.10797
23.7526 13.2053 6.54635
23.3328 21.503 6.75543
37.1028 28.6138 7.05637
34.6521 20.4302 8.08082
36.9163 24.8576 0.564693
23.0052 14.3945 9.873
20.8193 15.8713 7.08097
30.9159 22.3305 1.6821
27.6609 18.1578 2.00621
35.1053 9.91009 3.70155
29.3212 14.6008 6.98368
22.4139 18.7668 3.58487
35.9247 15.1453 3.03037
30.0375 8.46043 9.20246
26.1991 29.6058 7.14549
27.3285 8.36227 0.903309
27.0745 9.38643 5.25181
21.2364 23.0313 2.184
24.6006 7.60743 7.44713
28.613 26.489 9.41117
36.0161 13.1405 3.25148
29.9835 16.1579 8.75821
37.1532 11.0638 2.81634
23.214 23.6106 4.20052
21.6189 6.35952 4.04282
35.9099 15.5202 5.38773
37.7165 24.3633 7.1423
28.2201 25.9088 4.35481
32.5881 6.65958 5.39779
27.4824 17.4259 3.99339
26.3047 12.446 7.24959
32.8076 24.9254 1.71273
30.3241 21.3669 4.13824
35.9568 25.3844 1.58249
24.3578 27.408 2.1263
32.4434 22.2953 6.33436
23.2189 19.4409 4.07967
37.5035 29.716 2.44319
26.2131 20.4511 3.10702
37.0087 29.8041 8.07737
24.9955 12.6849 1.05579
39.4946 28.6945 9.02594
22.9201 16.5996 5.57271
31.1966 11.5455 3.72647
34.3615 16.9927 2.68966
38.6141 7.54701 9.60777
31.2829 11.5706 5.38413
39.4422 8.44997 5.27053
24.3286 16.2163 1.45099
30.5426 12.4772 1.37262
26.6974 18.7215 4.44659
28.8089 18.0898 3.92438
26.8608 21.7399 8.5642
38.0063 10.7356 1.1824
25.4592 28.6875 5.97949
30.8385 26.9552 6.9983
30.0541 16.0588 9.62654
20.8223 15.3615 1.00653
31.3634 20.7723 5.49307
34.2654 8.95057 8.48394
37.0106 17.3223 3.97255
25.9038 28.3335 9.20847
33.7525 11.9095 5.90443
30.8809 9.41735 8.19866
33.2457 16.2413 7.67367
25.2047 29.7895 6.45576
39.2013 17.3571 0.879276
38.4544 18.385 5.0239
20.4674 7.5892 1.33281
31.4536 25.4209 2.91304
28.4215 21.6841 7.84195
36.3666 29.0638 7.17534
34.7835 21.2545 9.93915
26.5923 9.85564 1.70609
22.9897 26.4128 6.20263
38.337 7.91866 6.11843
31.2485 6.92027 1.06125
33.0071 29.9882 6.41524
23.0549 5.57253 7.45091
25.7205 19.8895 5.61927
31.5466 5.41631 2.29293
27.2305 25.8745 1.91847
21.5812 19.3539 8.42026
21.4595 27.5943 0.362519
24.8717 6.33138 8.92763
37.2769 29.2527 0.0950977
29.5138 18.3133 0.863207
31.6363 9.57218 0.858504
24.4668 13.3908 1.08752
39.3686 20.5414 7.04331
30.6071 9.97462 7.20984
35.193 19.0127 5.55964
39.0299 20.9892 1.30118
35.8705 22.8135 0.338901
36.5955 28.9031 0.871452
34.4508 25.4993 0.572513
34.641 12.3915 5.89784
36.3674 26.9369 7.72672
38.0844 7.52035 1.08303
20.2594 6.73109 7.29959
34.346 19.99 9.28944
28.7657 13.9813 4.89452
39.885 12.7687 1.2902
22.4874 7.60675 8.41561
23.1652 28.3511 7.97685
24.9081 21.4146 6.17657
26.0531 14.7158 9.13317
37.8488 10.175 7.90793
33.3022 7.78047 8.91607
35.4683 8.10474 9.6085
30.0674 26.0373 5.60451
28.6463 11.9944 9.19701
38.4354 11.8507 2.30448
21.0157 14.9599 3.34718